32 65 
32 65 
32 65 
32 65 
32 65 
65 
65 
65 
65 
65 
65 
65 
65 
65 
65 
65 
65 





68 
68 
68 
68 
68 
68 
68 
68 
68 
68 
68 
68 
68 
68 
68 
68 
68 
68 


























65 
65 
65 
65 
65 
65 
65 
65 
65 
65 
65 
65 
65 
65 
65 263 
65 263 
65 263 
65 263 
65 263 
263 













68 
68 
68 
68 
68 
68 
68 
68 
















65 
65 
65 
65 
65 
65 
65 












































68 
68 
68 
68 
68 
































65 
65 
65 
65 
65 
65 
65 
65 




65 
65 
65 
65 
65 
65 
65 
65 
65 
65 
65 
65 
65 
65 
65 
65 
65 
65 
65 
65 
65 
65 
65 
65 
65 
65 








67 68 
67 68 
67 68 
67 68 
68 
68 




68 
68 
68 
68 
68 
68 
68 






