0.254148
0.253652
0.253269
0.255557
0.254654
0.253741
0.255676
0.254556
0.253655
0.254847
0.253148
0.251217
0.252724
0.250976
0.249122
0.25029
0.248631
0.246668
0.247887
0.246231
0.244649
0.245995
0.24504
0.244323
0.246372
0.245714
0.244971
0.247985
0.247244
0.245796
0.247761
0.247046
0.246307
0.248913
0.248459
0.247508
0.249745
0.249115
0.247279
0.249668
0.248421
0.246531
0.247995
0.247182
0.245528
0.248661
0.248877
0.248282
0.250523
0.249728
0.248364
0.24792
0.247995
0.24556
0.246409
0.246237
0.245438
0.248404
0.248809
0.248631
0.250936
0.251248
0.251171
0.254397
0.254372
0.253431
0.254964
0.253355
0.251302
0.250618
0.248193
0.245231
0.245358
0.243083
0.240434
0.240413
0.237571
0.234599
0.234078
0.230676
0.226158
0.223983
0.221983
0.217758
0.215642
0.211449
0.207847
0.207355
0.204583
0.203765
0.201232
0.199034
0.198774
0.197113
0.197195
0.19497
0.193253
0.192756
0.190434
0.189134
0.187479
0.185318
0.185152
0.184172
0.185424
0.184921
0.184177
0.185059
0.184662
0.184987
0.185194
0.184341
0.183443
0.183852
0.182272
0.182566
0.181857
0.181451
0.183213
0.183279
0.182634
0.184757
0.184721
0.18581
0.184756
0.18366
0.183883
0.181824
0.178958
0.177338
0.174739
0.172196
0.170697
0.167987
0.165467
0.164963
0.164058
0.16487
0.16802
0.170719
0.175024
0.175562
0.174692
0.174756
0.173256
0.17339
0.172208
0.170518
0.170075
0.169818
0.169672
0.171568
0.17208
0.171651
0.172883
0.173014
0.172997
0.17309
0.170874
0.168369
0.167096
0.164619
0.162093
0.159385
0.155862
0.151951
0.150587
0.148405
0.145234
0.14415
0.141331
0.14055
0.139153
0.137779
0.137727
0.138944
0.140737
0.144871
0.147093
0.149321
0.149791
0.150098
0.151641
0.150778
0.149674
0.150478
0.149987
0.151925
0.152381
0.153222
0.155875
0.155833
0.155994
0.154348
0.15258
0.1517
0.151277
0.151276
0.153576
0.152641
0.151584
0.147782
0.14235
0.135715
0.128417
0.120938
0.113653
0.108905
0.101975
0.0952766
0.0888017
0.0833531
0.07782
0.071993
0.0663186
0.0626925
0.0556205
0.0522088
0.0471905
0.0424218
0.0387695
0.0343392
0.0299219
0.0330422
0.032221
0.028543
0.0244363
0.0204248
0.016638
0.0128056
0.00910056
0.00670636
0.00334173
9.77929e-06
0
0
0
0
0
0
0
0
0
0
0
0
0
0
0
0
0.000150707
0
0
0
0
0
0
0
0
0
0
0
0
0
0
0
0
0
0
0
0
0
0
0
0
0
0
0
0
0
